1
3
2
5
5
1
1
3
7
4
1
2
8
7
7
3
6
4
1
5
4
7
3
9
10
3
5
5
9
5
4
2
5
5
6
6
7
8
7
7
5
4
7
2
6
7
6
9
5
4
3
6
4
8
6
3
4
1
8
2
8
6
6
1
4
1
3
6
3
2
12
6
2
6
3
2
7
4
6
3
3
3
14
4
4
7
3
2
8
2
3
4
2
4
1
1
8
1
8
1
2
1
2
2
1
3
1
1
7
2
3
5
6
6
5
10
7
5
7
11
7
4
4
1
8
3
8
5
4
7
8
4
7
1
7
1
4
7
6
7
5
11
7
4
3
2
5
8
7
7
8
10
6
4
3
10
8
4
5
2
1
5
4
7
4
4
1
5
8
8
6
3
5
3
3
6
4
10
7
8
12
6
8
2
3
3
8
4
4
8
3
7
9
3
3
8
7
8
9
6
11
5
6
6
5
7
6
5
6
4
6
6
8
3
3
8
6
6
2
10
5
8
1
2
10
1
2
1
5
4
3
4
7
4
2
4
3
7
8
5
4
5
3
1
10
2
8
8
8
5
6
4
10
6
3
4
5
3
6
8
4
9
13
11
7
2
2
6
2
9
11
7
4
5
5
5
6
2
6
5
8
2
5
14
6
4
3
7
6
6
3
2
2
5
2
4
8
5
7
10
11
8
3
2
4
5
6
6
5
7
3
2
5
7
1
9
5
1
2
7
5
5
2
4
1
6
2
2
3
3
2
2
1
1
1
6
4
9
5
3
1
5
4
5
3
3
9
11
6
6
5
3
2
7
4
3
7
6
6
6
6
2
6
3
6
9
6
10
2
2
5
9
6
13
10
2
3
5
6
5
7
4
8
1
8
3
7
2
4
3
4
8
6
3
7
10
1
6
4
3
4
6
5
8
1
3
7
4
5
5
3
6
1
4
4
3
1
3
6
1
4
1
10
1
1
1
3
2
2
6
5
4
1
1
2
5
3
3
7
3
6
5
1
6
1
3
2
3
1
7
2
4
2
4
1
5
7
4
11
10
3
4
7
6
8
2
4
3
4
5
12
6
5
9
5
4
12
7
4
3
7
9
9
2
6
2
5
4
14
5
10
13
1
2
8
6
1
5
1
7
13
6
1
1
7
2
8
3
3
3
2
3
5
2
4
4
5
5
4
4
7
2
6
6
4
10
7
3
16
5
4
4
7
2
4
2
1
6
7
3
7
6
3
3
2
4
1
3
1
4
2
12
2
4
4
1
2
3
5
6
2
1
5
8
2
4
4
4
3
5
5
1
7
8
4
7
7
2
3
5
5
4
5
8
4
4
4
5
8
10
8
3
2
8
8
4
4
2
4
9
1
10
3
10
3
7
4
6
4
7
1
4
2
2
9
2
3
3
3
1
4
3
3
2
4
1
1
2
6
8
3
3
3
2
4
1
5
3
5
1
2
3
1
10
3
2
4
2
1
2
1
1
1
1
2
1
4
3
1
5
9
3
3
6
11
1
2
5
1
4
3
1
2
3
6
2
5
7
4
1
5
1
2
8
1
3
3
1
1
1
9
7
5
1
4
1
4
1
3
7
1
1
3
