185
40
288
152
231
85
282
310
299
271
248
283
243
230
273
264
291
220
287
301
254
201
283
277
235
140
252
258
300
231
136
256
87
240
256
256
268
239
270
266
274
258
272
234
227
248
255
230
71
239
244
280
212
178
235
158
170
138
136
204
180
299
341
221
206
287
225
274
303
254
114
264
127
306
299
339
319
261
290
229
56
262
282
270
243
278
300
224
229
266
264
242
202
224
129
235
218
246
230
260
273
254
267
257
276
269
149
238
191
268
134
269
266
227
108
210
177
134
235
200
268
174
296
321
282
267
238
275
282
287
153
296
285
250
271
263
290
262
275
269
242
107
261
190
255
262
234
272
282
217
110
259
242
244
240
238
191
235
225
251
272
242
222
241
240
195
224
268
262
254
209
205
225
253
254
202
215
252
270
215
297
337
212
277
269
298
352
275
189
349
268
285
286
166
266
262
281
253
239
281
301
269
220
269
289
267
273
260
251
260
225
256
201
224
134
258
267
244
245
269
212
257
232
268
208
204
262
296
275
264
272
295
222
201
212
233
172
113
233
247
294
287
262
296
294
282
300
277
212
296
168
268
279
308
242
236
281
281
291
240
264
276
252
216
230
181
277
243
245
261
202
223
223
241
240
170
247
229
218
260
182
253
223
240
262
240
152
224
137
112
207
165
229
184
285
279
283
298
312
268
233
281
170
284
279
277
282
147
286
320
278
296
301
221
249
209
244
210
247
265
264
277
232
223
261
273
157
266
230
221
261
214
270
225
195
244
238
232
203
283
181
172
214
238
53
229
187
272
268
256
303
260
298
281
219
268
278
256
286
295
165
219
272
280
288
252
239
245
263
233
190
224
222
131
260
184
239
244
231
228
254
261
237
234
197
243
237
259
273
178
250
186
197
197
214
222
250
255
206
159
232
209
251
253
266
280
239
275
224
259
165
275
239
257
257
264
222
248
177
235
278
305
234
120
243
159
262
219
257
249
239
217
213
248
218
235
233
236
241
237
207
237
233
249
263
276
258
203
243
232
237
240
188
201
237
185
276
203
144
239
234
243
173
269
268
189
247
272
271
239
153
233
230
238
224
191
231
230
240
121
236
205
256
246
136
236
235
156
239
240
225
140
228
222
209
209
272
211
206
197
229
211
144
101
226
216
238
200
207
196
159
95
261
225
239
252
243
245
242
258
214
192
233
233
279
232
227
259
254
223
222
233
194
163
219
223
231
204
224
118
232
103
221
223
227
208
223
236
209
222
228
239
194
227
230
245
211
228
216
204
209
181
144
194
210
197
234
239
222
226
272
283
250
262
248
242
205
172
248
226
218
222
227
225
200
210
221
199
190
196
122
183
222
212
229
214
63
220
218
220
232
198
200
203
192
206
241
208
198
225
232
216
202
201
170
218
226
220
199
243
252
222
224
224
235
198
74
218
186
203
182
206
181
246
197
135
218
155
194
172
160
179
174
216
116
181
227
221
166
66
229
188
187
215
223
232
231
212
192
208
167
182
173
199
215
195
246
254
265
260
247
194
208
239
217
212
217
251
240
219
218
190
229
189
190
188
217
201
188
193
222
178
187
202
192
192
204
193
201
199
152
222
170
192
144
211
208
197
211
175
232
207
203
208
190
219
210
212
212
248
254
202
210
210
198
111
234
220
216
174
193
172
163
163
201
203
234
193
169
206
195
179
180
183
186
176
166
235
126
137
166
198
193
182
188
204
151
166
171
211
179
170
200
203
184
114
193
203
190
194
257
276
225
239
217
209
197
193
206
207
226
205
206
188
196
200
154
179
209
153
137
168
141
204
182
151
130
157
125
174
155
178
216
170
180
168
151
175
208
169
195
183
217
184
191
160
166
199
189
212
182
222
177
212
167
195
213
175
186
217
97
217
218
205
198
209
198
200
194
120
176
182
180
154
194
163
175
86
182
154
68
165
171
159
80
165
167
167
135
188
166
154
170
163
172
165
178
166
167
79
161
157
161
119
136
127
155
165
221
164
197
195
236
248
166
12
175
223
250
264
214
195
133
205
197
138
193
192
190
183
163
187
172
193
180
161
173
160
185
150
158
169
174
159
112
156
124
164
175
194
185
210
187
199
151
145
206
156
98
149
87
197
63
258
127
259
139
239
220
107
266
202
297
306
315
321
284
289
296
299
258
166
296
324
273
278
292
275
267
293
229
233
259
185
257
204
259
239
262
280
293
299
284
251
264
162
281
250
309
327
268
216
306
193
262
152
180
103
292
202
232
193
139
301
285
148
130
297
148
150
295
181
255
171
302
296
248
258
256
292
224
256
234
272
289
268
279
240
177
237
130
248
183
189
222
197
279
174
265
265
280
252
174
299
308
267
101
289
288
284
221
265
118
293
310
240
255
264
237
217
167
295
292
35
313
357
291
311
276
255
298
290
260
88
281
295
284
290
294
313
272
237
223
282
297
249
194
241
238
173
276
165
269
289
278
234
299
277
285
277
298
263
301
299
314
144
135
279
288
249
255
258
235
293
279
276
225
271
278
284
277
313
312
274
267
276
303
320
265
220
304
271
259
238
226
244
227
237
259
264
274
259
239
192
275
323
276
287
295
264
306
260
125
252
282
175
275
277
282
218
297
278
242
271
297
279
295
251
234
278
190
276
210
264
264
278
303
262
281
289
283
282
307
319
311
283
280
265
291
315
264
278
193
299
201
225
192
258
260
271
353
303
289
285
297
276
281
262
269
267
240
248
187
286
294
283
301
264
256
264
253
255
132
254
262
272
275
265
271
276
256
243
268
260
268
267
163
250
231
256
268
296
304
253
255
245
320
353
311
222
251
240
292
280
252
229
241
196
267
265
242
172
256
203
252
240
254
266
247
234
275
254
252
260
165
235
233
258
236
254
251
282
229
277
269
284
237
268
164
173
279
265
282
263
244
217
306
299
232
262
131
289
163
329
277
164
229
194
231
265
275
236
159
304
255
253
241
236
249
197
258
261
228
248
200
231
233
233
238
193
259
112
289
294
264
252
249
243
247
257
240
164
259
211
244
209
187
300
239
251
236
261
207
164
298
272
290
313
266
268
281
307
222
170
269
201
291
278
153
294
216
295
309
276
244
254
249
298
250
248
233
273
249
252
244
237
249
218
276
115
240
222
251
201
181
267
250
209
256
249
242
213
292
286
247
236
259
249
275
253
249
256
273
275
269
212
234
268
273
207
157
254
182
294
273
129
251
234
283
282
253
252
260
243
218
208
250
242
213
236
230
210
231
235
207
244
209
242
242
222
242
248
248
258
203
253
245
250
199
260
258
261
224
254
235
258
249
256
264
201
276
289
249
229
282
283
278
186
274
287
237
113
282
225
247
208
237
236
247
142
231
218
218
265
229
227
238
242
248
236
235
235
239
246
232
243
224
234
211
252
138
253
241
260
253
261
227
267
274
275
256
271
198
197
256
252
238
79
281
276
253
217
266
272
147
287
256
255
184
255
251
249
244
253
234
238
229
249
245
248
203
231
232
250
166
188
234
231
214
243
247
210
207
239
214
250
234
255
254
244
254
251
261
269
266
263
190
209
227
204
281
245
248
281
290
270
184
275
284
258
249
181
245
257
254
240
165
253
166
245
202
239
223
233
233
180
235
220
234
236
228
215
214
238
193
237
238
240
248
236
247
244
255
266
256
240
199
173
268
158
272
268
263
218
172
232
149
285
277
262
263
259
284
294
259
257
270
281
264
211
190
251
235
226
249
231
239
230
231
226
224
238
156
241
210
205
233
228
239
238
192
238
187
150
234
274
208
227
267
272
162
242
220
264
235
214
245
155
229
241
272
274
232
228
268
275
252
212
256
253
282
276
243
96
238
207
195
244
182
236
230
229
222
230
206
233
186
235
234
231
234
198
241
240
238
170
229
231
235
225
192
263
260
257
191
251
246
265
267
258
258
236
251
181
235
151
253
215
246
230
287
266
245
54
255
132
229
251
184
238
204
234
236
225
238
237
230
230
233
228
233
231
240
103
224
235
237
254
237
246
245
242
234
247
267
255
232
257
254
117
270
240
261
249
259
253
240
284
282
229
210
288
272
273
240
215
246
238
243
235
241
55
243
189
243
229
225
227
214
240
241
235
229
236
231
238
191
244
209
262
271
247
236
234
166
251
254
274
288
262
269
266
236
214
225
230
239
222
250
240
234
200
281
159
237
259
251
247
230
236
239
204
222
240
238
242
245
238
233
236
235
232
221
234
136
241
241
233
216
235
199
243
234
243
225
236
242
236
243
236
267
268
244
239
254
238
162
265
279
270
281
259
252
234
254
124
242
178
270
276
201
199
272
286
267
273
255
245
248
217
242
243
246
241
225
205
242
243
237
174
219
243
240
200
238
229
239
230
236
237
242
226
243
197
245
205
241
237
279
286
245
244
250
263
233
231
262
203
160
248
236
236
150
241
272
249
240
270
289
279
258
244
240
252
259
197
255
254
245
204
246
227
237
229
229
229
231
241
58
181
251
225
238
235
250
232
254
243
236
234
245
245
246
253
156
240
279
233
268
225
267
253
272
279
243
255
239
200
243
194
277
276
257
233
257
242
222
248
245
235
236
210
245
198
192
244
236
244
242
170
238
192
244
236
242
239
244
228
245
247
219
238
258
261
249
237
284
256
244
206
252
203
235
267
239
231
140
236
120
238
223
245
214
285
258
219
280
255
251
243
228
175
240
244
238
205
249
226
212
244
199
246
203
247
244
237
241
240
243
243
237
254
208
245
239
224
254
243
199
279
284
262
221
282
180
243
227
270
261
261
281
237
254
137
246
202
277
286
222
225
284
287
251
204
289
304
219
247
254
216
242
175
240
176
247
241
249
249
251
235
251
228
254
213
246
207
215
251
238
237
241
224
250
251
245
245
253
256
263
162
271
154
251
254
240
255
214
283
215
245
224
239
231
275
272
268
278
275
296
256
216
225
243
243
250
249
175
244
243
247
227
254
253
248
250
242
128
157
244
236
233
247
234
244
244
244
233
246
278
287
246
245
252
251
263
140
237
202
235
233
233
194
240
260
287
297
296
242
239
245
308
236
244
141
279
264
253
257
252
245
202
223
254
257
255
263
207
258
234
184
249
228
244
249
239
147
245
253
244
246
237
234
254
224
276
267
285
237
267
267
273
180
251
265
279
286
165
147
261
147
266
219
278
285
292
296
317
293
282
234
287
275
240
218
243
240
271
277
249
243
246
248
220
255
245
240
219
201
227
202
261
252
220
249
265
257
267
284
278
276
296
271
240
252
248
226
242
126
301
309
294
232
294
291
121
286
296
257
249
252
253
256
212
291
266
151
240
243
237
261
273
245
246
228
252
252
256
270
244
215
255
249
243
146
241
237
194
244
282
255
280
259
246
276
276
294
224
248
240
101
222
222
214
308
292
240
298
207
311
280
290
324
317
292
302
296
162
265
267
284
273
266
270
260
260
241
272
247
250
239
232
241
249
202
193
257
224
241
243
222
278
261
256
241
181
279
207
247
194
218
261
257
227
153
303
322
266
194
270
289
316
305
294
285
257
254
285
289
249
275
254
280
240
214
252
270
285
245
262
218
231
210
212
224
263
259
240
242
225
227
117
237
174
198
194
198
213
274
273
239
257
212
187
152
241
264
130
246
224
307
254
207
309
338
287
161
298
214
284
243
284
268
269
298
249
173
279
296
205
261
223
276
278
274
254
266
181
171
221
208
203
199
231
193
245
239
210
217
276
123
269
264
196
195
132
240
269
226
233
175
34
281
265
246
201
360
263
311
251
248
291
228
312
289
187
269
265
287
287
290
240
246
239
203
284
226
218
222
40
219
219
191
199
233
227
189
163
264
242
208
252
94
243
275
298
203
258
203
187
251
126
236
267
145
317
327
275
171
347
166
294
290
315
257
276
286
287
294
129
293
306
255
266
251
201
215
177
139
209
158
100
205
191
204
211
234
247
266
263
248
244
195
207
172
146
260
207
188
197
186
154
237
177
231
217
239
216
205
195
225
233
239
148
176
82
230
215
210
152
194
113
250
254
204
198
192
104
251
264
190
140
156
215
220
230
247
192
140
199
225
201
213
199
208
240
257
191
95
233
239
196
186
235
236
179
125
227
79
136
265
293
209
84
265
304
246
240
241
223
300
214
211
257
240
259
258
247
251
200
79
251
235
191
183
214
193
203
227
48
210
165
244
252
139
245
238
202
257
261
200
167
227
255
196
219
249
283
217
237
161
159
270
291
224
232
203
177
148
252
120
259
82
287
332
256
276
205
242
258
279
243
161
223
261
237
278
269
264
245
208
233
229
136
127
244
260
232
169
248
253
246
247
200
204
205
97
203
162
210
221
242
199
176
268
292
265
254
261
245
162
262
268
221
147
106
269
247
242
214
303
335
213
278
311
287
287
281
302
169
244
223
198
233
257
254
241
222
217
223
244
185
221
203
238
233
143
193
144
237
260
251
260
254
245
196
256
202
244
151
216
228
264
261
257
247
245
243
205
284
199
192
227
284
316
253
265
285
138
304
333
259
280
312
257
246
230
252
173
257
256
238
241
247
259
236
234
250
225
250
253
254
237
234
236
244
201
226
250
250
252
235
177
219
217
233
263
214
265
150
219
205
139
113
289
266
179
138
284
206
272
261
262
238
243
194
251
241
250
237
200
254
260
246
200
238
241
244
242
212
230
249
126
248
248
255
249
246
167
256
246
233
256
250
259
256
103
199
249
225
252
261
270
239
230
254
172
282
224
250
325
323
308
273
292
217
290
309
243
246
254
259
264
252
232
248
197
245
232
249
243
255
229
221
257
259
246
197
251
249
260
206
262
203
230
251
210
246
243
248
248
245
241
271
275
239
239
276
161
85
301
307
258
287
268
300
94
272
252
177
239
263
257
237
243
244
245
243
242
242
246
234
234
220
241
236
242
253
234
249
245
248
245
233
254
180
265
247
143
242
244
246
207
205
261
227
222
226
253
253
220
207
279
212
284
294
316
262
268
361
264
278
241
245
211
260
230
230
235
209
233
208
236
233
246
249
250
235
255
196
246
254
237
206
239
212
234
248
117
257
240
244
234
238
250
223
234
183
261
216
299
267
282
274
154
286
261
285
280
251
251
200
268
240
250
232
168
190
247
197
246
195
252
251
233
100
247
231
245
243
222
253
238
227
230
251
231
211
250
171
231
224
238
140
180
180
230
235
234
277
193
265
227
241
135
114
270
280
237
205
238
234
207
206
244
252
230
242
231
224
244
145
248
235
248
220
220
239
236
258
233
220
222
236
242
191
237
193
247
251
250
228
244
246
234
202
226
222
234
186
218
121
238
271
274
256
277
276
258
269
218
255
254
218
205
242
235
221
103
230
250
240
218
209
233
184
178
230
218
190
188
230
231
247
242
234
215
241
226
253
230
245
220
229
224
250
254
227
196
239
241
221
158
243
301
280
254
262
280
310
255
230
234
193
228
224
184
266
262
230
206
219
219
233
222
238
177
234
220
213
233
228
196
223
196
216
221
225
210
195
217
236
229
204
223
202
116
189
203
221
130
216
230
255
278
292
259
194
231
247
228
235
301
214
210
219
217
264
282
225
200
181
226
222
231
210
210
223
213
180
152
208
189
217
209
234
233
246
218
201
194
213
197
187
228
204
207
208
205
211
210
218
203
185
245
225
170
271
283
197
214
227
125
231
250
249
170
231
228
63
193
186
202
180
209
207
173
203
216
203
212
200
222
205
175
141
169
165
193
159
222
204
202
189
211
208
208
172
200
201
203
203
185
153
192
218
210
286
273
236
244
229
230
211
201
200
168
189
184
208
213
183
172
188
191
179
170
167
190
188
204
182
163
208
209
159
210
178
133
209
224
160
157
221
216
198
233
242
172
166
179
188
170
164
181
179
186
265
223
203
189
277
274
294
215
120
253
256
207
190
234
194
189
181
158
178
176
158
83
152
148
164
162
180
174
214
159
163
175
184
151
98
167
176
179
193
170
166
211
150
152
161
160
29
162
129
208
221
134
247
274
244
163
55
156
154
150
136
158
151
160
173
147
156
150
101
162
160
156
135
149
147
155
157
145
158
147
125
152
158
166
177
162
166
170
22
130
163
170
151
127
177
190
156
148
170
223
60
170
198
185
244
150
187
183
169
177
186
176
195
145
186
164
146
150
156
157
198
160
163
145
147
118
129
131
161
123
150
167
148
63
161
165
162
77
122
159
175
161
175
150
159
190
155
137
172
210
186
230
162
106
47
159
139
148
202
243
131
266
232
218
75
235
118
264
268
223
133
230
236
232
230
225
233
207
160
206
140
226
230
221
204
206
178
241
247
211
215
201
119
139
210
98
208
138
217
127
202
169
220
238
282
300
264
246
227
113
297
298
274
316
238
196
30
128
315
315
264
174
247
250
257
265
251
250
251
130
235
231
259
254
207
183
222
189
226
165
203
127
235
222
252
256
212
234
241
198
262
256
192
199
215
210
263
238
238
222
246
229
212
119
279
285
234
152
281
259
225
214
254
202
203
195
252
238
214
302
331
272
264
306
355
297
188
190
228
161
267
268
208
236
218
251
193
263
258
254
257
242
190
236
257
196
240
141
261
221
269
263
257
148
281
209
187
271
276
281
298
273
293
308
260
238
287
325
212
292
338
349
308
199
365
318
287
288
252
274
264
225
220
204
225
241
269
262
137
260
241
188
151
239
252
254
220
242
266
255
249
200
255
197
262
161
243
241
226
220
234
245
277
267
269
232
244
236
324
271
281
154
297
360
284
298
308
301
288
264
272
306
327
275
257
256
264
278
271
242
231
219
237
251
264
254
198
215
220
216
205
235
235
254
242
239
218
229
237
263
240
229
253
288
197
260
231
293
247
259
172
296
301
292
173
303
306
185
236
291
288
176
292
313
241
270
268
268
275
272
278
256
219
271
199
265
251
242
258
258
232
230
233
229
237
256
264
247
206
254
194
238
237
255
239
279
286
270
281
246
271
296
332
292
187
272
284
295
289
293
291
278
262
273
291
262
284
292
248
295
263
256
262
167
300
241
256
235
217
251
180
251
235
203
217
244
241
225
169
243
242
223
229
225
258
260
244
228
254
262
259
271
244
258
199
212
363
300
218
247
203
251
137
319
293
313
293
276
286
291
315
267
250
232
270
259
261
242
199
245
217
259
229
147
232
213
234
230
228
155
132
239
180
252
225
261
244
231
269
255
284
288
270
264
262
219
194
292
336
260
230
238
315
290
260
232
209
240
227
241
228
234
252
231
255
220
249
248
244
230
104
236
233
239
262
233
230
229
232
225
245
226
237
268
254
244
253
238
282
299
248
188
344
320
283
298
273
250
176
287
291
268
281
283
290
311
243
207
252
251
278
247
246
257
201
244
69
240
149
246
228
228
193
231
206
207
232
239
234
190
253
242
232
237
127
244
179
253
249
235
226
265
272
261
273
292
269
248
268
271
264
272
235
113
287
252
257
293
260
266
279
226
247
251
181
129
233
227
232
231
254
235
233
222
173
224
197
226
218
229
215
151
213
219
220
243
245
260
256
250
226
223
217
268
266
259
267
272
303
296
331
218
199
239
282
296
248
237
275
293
282
286
283
266
234
205
216
238
232
217
228
198
224
216
230
224
205
177
213
208
232
157
208
154
229
205
204
181
234
224
228
246
234
262
273
234
230
289
250
270
265
272
120
282
289
238
260
203
279
268
293
240
245
217
157
230
181
221
215
224
183
227
197
178
231
236
208
230
210
221
200
166
239
224
241
234
236
201
232
227
219
115
241
192
248
173
242
251
256
188
257
230
253
192
293
247
258
195
272
286
275
307
272
288
247
252
267
205
164
235
231
227
121
213
245
233
232
220
232
230
236
217
200
163
228
179
201
203
226
209
210
205
187
205
178
202
121
223
209
161
213
252
63
276
270
271
188
278
269
237
278
262
271
280
230
155
175
210
206
205
209
226
220
224
224
229
224
217
164
206
179
205
226
215
190
211
146
177
205
173
218
94
222
220
248
220
230
207
237
259
291
133
233
240
274
287
245
261
213
183
254
200
274
244
200
287
274
293
247
224
222
235
233
231
215
201
193
200
202
224
207
213
206
194
202
216
200
189
215
213
205
211
205
249
211
187
233
263
265
267
245
246
227
83
252
264
262
123
261
222
202
198
193
255
227
217
215
200
217
204
194
210
88
166
200
81
177
205
154
204
199
202
207
148
199
200
219
162
204
207
200
192
201
185
203
236
262
83
271
250
221
279
277
275
259
278
308
271
257
239
195
199
188
216
218
206
208
200
187
203
204
205
205
209
206
203
182
212
215
205
205
133
219
217
205
207
202
205
231
231
197
188
236
225
224
225
227
226
264
262
236
132
228
232
248
60
61
263
244
276
277
290
285
204
276
297
228
229
221
243
225
214
212
203
216
209
194
205
205
212
186
206
223
221
204
122
210
170
207
190
192
175
110
193
164
220
214
199
188
196
186
238
230
204
177
244
255
218
129
228
234
279
194
297
265
298
270
140
238
222
229
219
215
197
206
152
232
205
231
165
222
33
179
220
213
202
177
229
225
231
219
207
213
185
214
204
240
245
244
201
218
200
225
202
153
227
251
280
236
277
259
204
247
294
282
253
183
201
227
268
103
269
222
137
294
264
214
208
224
208
218
215
191
224
163
139
223
223
213
224
213
201
214
227
123
244
251
209
209
220
223
248
260
227
196
228
214
250
250
192
219
220
269
236
102
318
294
286
208
311
318
227
253
237
282
176
240
224
228
206
238
180
234
228
207
211
229
232
214
199
182
222
198
224
167
233
227
225
188
201
236
201
217
214
245
246
237
268
194
258
260
259
285
189
249
138
267
165
307
283
270
279
243
194
286
323
290
297
278
232
278
252
212
256
269
274
280
221
215
224
161
231
150
231
234
219
171
211
228
209
236
245
243
234
218
217
198
240
227
231
232
246
250
259
233
220
204
278
250
230
238
204
269
279
285
270
245
249
59
297
282
303
261
250
223
227
224
266
249
243
221
216
229
222
223
218
239
244
195
219
236
234
245
254
242
153
218
222
252
140
226
239
204
198
259
240
250
207
255
280
267
289
143
276
313
193
192
305
285
225
336
227
287
236
226
206
244
244
245
193
220
197
176
242
240
230
219
236
239
249
237
233
206
206
187
225
191
221
208
187
250
252
283
220
270
229
254
275
226
283
195
286
261
169
289
195
167
242
282
256
225
207
144
218
226
239
248
208
222
225
209
234
242
187
202
197
182
241
250
197
187
250
204
181
74
228
239
234
180
167
200
230
228
230
217
229
262
190
263
196
159
163
197
276
186
190
229
272
251
240
237
319
332
234
242
175
206
114
228
237
224
278
246
205
197
186
162
226
189
223
176
163
236
226
201
216
222
185
164
236
248
189
167
109
190
196
252
206
247
256
212
190
216
192
230
150
287
194
210
232
195
170
224
238
263
197
231
187
241
293
244
197
207
177
132
275
201
180
107
232
225
200
185
173
181
206
222
235
194
216
209
192
108
221
225
201
162
187
176
187
221
191
138
255
195
101
193
75
173
181
171
163
117
190
155
90
226
224
110
221
204
234
229
232
144
239
257
270
220
154
216
178
217
87
251
246
240
231
170
209
229
235
240
152
237
221
271
223
66
251
254
221
194
257
238
219
183
71
187
165
227
212
225
254
183
203
122
168
239
128
278
201
256
237
340
129
223
173
249
260
219
240
201
258
112
197
217
115
244
251
245
236
265
117
223
228
106
220
222
216
244
201
241
234
235
213
223
243
197
280
257
116
169
217
245
219
214
111
219
228
227
229
158
228
232
265
233
236
220
154
217
120
180
169
73
193
216
191
240
140
242
206
235
254
266
279
241
180
241
40
261
218
186
277
237
270
228
201
277
254
250
185
215
239
284
243
262
207
202
332
236
236
278
253
284
251
201
206
155
248
231
187
259
172
181
279
200
56
187
159
159
227
187
179
166
182
149
239
258
233
206
196
274
247
202
218
288
167
218
257
281
166
139
172
70
260
260
245
225
259
288
263
180
125
210
202
285
216
132
195
142
187
167
157
189
210
197
193
184
199
186
136
105
144
115
139
103
147
92
145
51
147
115
153
160
153
127
138
135
140
105
155
176
150
150
144
96
136
167
107
146
64
156
111
37
160
92
263
246
274
171
214
192
106
71
295
363
168
256
275
217
235
132
248
270
254
191
244
213
285
208
233
134
209
217
222
249
274
227
270
213
293
257
223
254
230
210
237
142
240
166
249
287
197
213
248
190
242
226
222
264
217
281
174
243
201
267
159
203
247
178
270
281
228
263
208
210
251
265
247
171
277
274
263
269
284
196
234
153
259
262
135
243
250
277
283
219
173
254
219
294
330
253
114
72
126
147
278
254
258
167
237
258
287
263
239
175
226
201
245
102
253
231
288
271
208
224
246
207
98
244
237
241
178
176
246
98
151
223
247
280
232
221
243
303
236
273
236
285
294
265
306
332
239
143
222
245
241
307
270
184
175
181
216
168
225
256
187
268
122
246
238
185
145
213
204
148
138
203
105
194
206
193
197
169
135
203
185
154
135
180
132
231
245
197
236
207
207
212
211
193
146
107
304
266
292
261
312
304
243
144
237
258
225
201
240
273
202
120
224
251
210
214
216
249
207
210
220
218
244
204
214
64
204
179
135
168
89
187
84
196
155
162
175
159
195
209
203
221
179
73
201
246
240
216
219
241
225
205
198
273
218
249
207
245
164
266
168
261
264
249
284
228
228
265
249
222
211
207
223
148
189
116
181
132
181
196
176
195
183
184
171
19
182
132
182
196
227
193
191
122
237
220
156
192
227
218
229
293
282
213
294
323
243
265
260
150
152
228
212
214
32
218
189
233
247
203
218
196
215
192
207
185
170
182
114
191
188
185
203
181
199
193
203
196
205
182
193
238
153
206
270
206
197
260
217
214
202
251
245
235
232
229
228
236
235
221
228
279
268
253
257
249
247
240
238
241
253
264
254
252
229
208
189
245
269
283
286
291
289
270
263
259
262
265
266
268
243
251
276
264
262
271
257
232
288
277
270
263
258
257
261
266
271
267
257
236
262
294
289
284
286
279
276
253
253
256
263
255
254
220
231
258
282
273
261
237
244
227
253
270
278
272
265
266
259
234
243
233
244
235
242
240
234
193
232
274
274
252
254
257
240
234
232
231
233
237
237
217
248
265
272
277
247
241
230
233
229
221
236
238
224
187
260
230
230
222
225
221
228
226
233
219
185
254
263
240
231
228
214
219
218
212
219
216
246
256
218
215
216
213
204
202
199
201
206
214
209
190
177
237
244
236
210
195
191
192
198
200
203
197
199
172
237
227
217
195
194
195
184
184
177
182
193
193
192
184
190
190
184
165
190
203
220
229
217
204
189
184
181
182
180
171
172
174
172
173
173
176
176
176
173
174
178
183
170
160
198
213
213
190
179
176
171
173
171
164
163
163
165
162
160
164
166
163
167
165
169
173
172
162
150
180
192
201
209
200
194
181
169
166
161
161
154
154
151
150
154
153
154
155
158
156
156
155
158
153
158
164
165
155
189
197
197
193
183
173
160
157
154
149
148
146
147
148
148
146
146
146
146
145
148
148
144
148
146
154
157
160
154
143
175
188
188
178
176
160
149
146
144
144
144
143
142
143
142
141
137
138
138
138
141
139
139
135
135
137
148
152
157
151
141
173
187
183
168
153
144
139
137
135
136
136
137
137
136
134
133
134
134
133
133
133
133
132
132
133
142
148
154
149
139
177
182
183
174
165
152
140
136
135
133
134
135
134
133
132
131
131
131
132
132
131
132
133
132
133
134
143
148
153
147
139
167
175
180
183
173
163
148
138
134
133
132
132
132
131
131
130
130
130
131
132
132
132
133
133
135
136
137
146
150
153
148
141
169
173
184
176
164
148
140
135
131
133
133
134
134
133
131
131
130
131
132
134
134
136
136
138
140
140
148
152
155
152
145
177
186
188
184
166
148
142
139
137
134
135
136
136
135
135
133
133
132
134
137
138
138
141
143
147
147
155
159
160
155
145
189
197
194
192
177
158
147
145
143
141
141
140
139
141
138
136
136
138
141
140
140
144
148
153
151
153
163
163
164
157
150
191
193
183
169
154
155
155
157
155
153
149
147
144
139
139
144
145
145
145
150
153
156
158
158
165
172
169
203
217
218
212
203
185
182
177
177
175
169
169
167
164
159
158
158
157
158
157
163
168
167
177
183
170
158
189
201
221
228
224
213
194
191
189
191
185
180
176
171
172
168
164
164
167
170
172
172
182
184
168
188
206
231
229
222
204
202
200
201
191
189
180
176
176
171
170
169
173
175
176
177
185
182
165
208
222
211
202
199
200
193
186
188
179
172
170
167
167
170
172
176
161
182
209
211
196
187
180
163
160
162
164
166
166
149
137
197
239
258
264
257
242
237
237
240
252
248
261
253
257
267
264
262
270
232
201
214
235
275
281
282
278
270
278
285
266
267
269
256
262
273
267
281
269
250
226
246
290
284
297
283
270
281
278
292
301
267
241
238
295
288
285
284
277
285
320
325
254
239
265
307
301
285
271
292
307
307
263
247
274
299
285
277
275
267
265
269
281
295
262
288
267
251
254
264
295
256
241
262
283
264
247
253
254
242
241
239
238
247
255
274
277
272
261
242
257
283
267
249
232
248
251
248
266
236
258
273
250
253
256
238
248
255
246
257
260
242
235
277
237
243
243
249
277
267
236
235
267
246
240
234
240
238
261
262
254
251
246
238
232
236
235
242
251
251
262
236
252
272
277
274
264
249
250
235
230
233
230
243
255
264
262
264
232
269
255
238
245
247
240
237
241
245
255
268
235
251
283
284
239
231
243
234
240
263
266
253
239
234
266
248
242
237
243
238
234
227
234
244
251
269
263
233
251
274
266
238
238
233
233
245
242
271
266
239
276
248
244
230
238
231
243
242
267
241
247
274
265
247
247
234
241
263
243
235
255
290
255
245
239
246
242
240
243
248
245
249
269
239
252
280
294
245
245
237
246
251
251
273
266
251
255
290
254
244
242
244
238
249
247
247
250
280
271
238
273
285
277
274
241
250
249
252
245
248
278
275
263
235
272
280
243
249
254
253
248
247
246
250
280
270
233
257
281
277
250
254
250
240
286
263
265
267
268
244
252
243
250
266
271
281
280
291
311
306
285
258
259
258
244
250
261
269
280
269
298
297
288
288
268
263
269
257
250
240
247
255
266
258
236
237
264
302
293
297
295
288
254
245
238
263
224
227
297
287
285
275
264
252
246
242
235
224
223
244
207
201
225
259
264
265
253
251
247
227
203
204
213
220
211
200
186
217
218
215
192
190
195
194
189
194
188
196
205
207
202
221
250
236
219
214
211
216
208
211
209
217
221
219
224
230
219
184
267
269
257
234
232
228
233
233
233
240
241
239
240
246
233
259
256
247
248
245
244
255
253
253
234
258
273
263
250
251
249
252
260
272
260
251
270
268
252
249
250
256
262
257
269
225
275
303
298
288
266
239
249
252
258
252
255
241
273
272
259
249
242
244
256
242
256
249
272
270
241
239
245
248
250
248
251
262
247
249
248
255
253
234
245
270
288
245
250
253
253
259
248
252
251
223
205
266
236
234
244
236
248
245
245
239
201
266
251
240
231
232
236
232
235
238
238
237
234
236
234
255
268
243
228
226
223
234
227
223
232
236
229
231
210
195
248
271
228
217
219
217
221
215
217
221
216
243
260
244
228
219
212
216
209
209
212
200
208
241
249
241
206
202
198
200
198
202
206
200
201
203
194
194
189
199
198
204
196
232
242
227
188
191
195
193
194
194
194
183
177
183
179
182
192
196
195
179
222
235
230
220
183
181
178
181
182
179
180
176
180
174
171
168
171
184
184
166
216
225
224
186
176
173
170
171
167
169
169
170
169
168
165
166
166
161
158
160
158
171
174
180
173
160
198
210
217
216
208
198
176
168
165
162
158
155
155
156
157
155
160
157
159
154
149
151
153
155
149
152
164
173
159
193
203
211
214
201
186
167
157
154
151
149
145
143
145
147
144
140
142
145
138
140
144
143
144
146
148
156
166
169
165
158
198
203
201
191
178
161
152
148
145
146
144
142
142
141
139
136
133
134
133
137
139
140
141
141
144
146
157
165
170
165
158
192
192
180
173
157
146
143
140
137
137
138
138
139
136
134
132
132
132
133
135
136
137
142
146
150
161
167
171
168
157
179
188
193
181
167
150
142
138
136
136
138
137
136
135
135
132
133
133
133
133
134
139
142
147
148
149
163
169
172
168
160
183
189
194
192
184
171
148
140
135
133
135
136
135
134
136
133
133
136
136
137
137
141
142
145
149
150
152
164
173
169
163
186
196
191
172
152
141
139
137
138
139
142
142
138
136
139
140
139
142
143
144
145
150
154
157
174
176
162
190
202
205
205
188
173
154
142
139
144
142
142
140
140
140
143
143
145
147
148
145
147
150
153
155
157
173
174
163
210
216
216
200
186
167
157
150
155
154
154
152
153
151
151
153
155
156
159
158
157
162
165
166
169
183
178
195
204
213
196
175
161
160
159
158
158
157
157
159
159
161
163
163
161
164
164
169
176
187
189
183
165
208
213
207
199
184
169
165
165
162
162
161
160
161
162
167
168
171
172
176
178
190
183
184
173
160
178
194
198
198
195
179
172
163
161
156
154
156
159
158
161
164
161
171
178
176
173
162
179
186
185
178
161
155
151
151
147
152
154
151
152
152
151
157
160
162
161
235
243
245
223
216
213
207
210
207
206
206
203
203
204
214
212
223
227
229
225
218
217
238
266
267
239
231
226
225
223
219
220
222
231
237
241
262
227
261
280
293
290
274
241
241
243
245
256
256
261
262
271
278
264
248
276
295
307
285
272
257
253
253
257
275
271
294
309
309
266
256
259
256
264
264
296
266
292
315
285
270
270
265
254
254
250
253
260
267
304
285
259
280
274
260
255
251
243
241
286
295
279
255
295
253
252
251
249
244
247
234
230
234
238
247
277
279
285
257
284
246
238
232
228
257
276
290
266
260
280
291
292
255
242
233
242
238
247
250
256
276
291
295
286
243
235
230
234
232
232
242
238
240
250
268
258
284
264
231
228
233
231
240
256
268
252
251
281
260
241
237
231
224
231
232
228
231
238
249
249
265
255
242
232
230
221
229
223
226
228
248
242
269
256
239
226
223
219
209
219
217
216
209
261
237
273
260
221
221
218
212
203
216
217
221
238
254
257
235
242
204
199
212
206
206
199
201
212
224
240
245
251
246
260
273
248
208
202
198
205
205
202
206
210
206
196
200
212
223
232
242
245
259
273
277
266
247
206
201
199
199
200
205
207
206
196
200
197
213
215
228
238
249
244
252
267
277
278
264
249
208
202
199
207
199
196
199
197
202
203
205
198
199
197
202
210
218
233
242
268
275
247
210
212
202
206
202
199
197
204
208
197
203
213
230
229
233
261
276
230
214
207
205
206
205
201
213
209
206
199
202
202
212
237
229
271
204
205
211
212
213
214
207
210
217
234
237
257
264
214
216
215
216
220
220
222
222
253
246
273
251
219
225
224
219
222
224
243
257
292
242
233
225
225
225
227
228
249
266
257
303
303
289
239
225
237
233
231
230
229
231
264
270
256
284
247
240
234
233
239
246
246
236
239
244
241
265
265
281
292
267
249
244
232
242
242
241
243
246
249
283
283
279
247
233
239
235
237
238
250
246
247
241
227
255
260
249
228
224
217
217
219
230
226
226
218
236
232
231
233
243
201
220
233
223
218
211
207
197
200
204
209
208
204
203
210
216
211
214
216
221
207
200
226
218
221
231
231
232
222
215
163
217
233
249
233
225
227
227
230
230
243
232
240
237
230
218
200
178
250
251
238
234
231
232
237
242
239
239
241
247
206
249
252
246
227
229
230
230
233
231
234
233
241
236
242
209
188
204
221
247
236
222
214
210
218
214
217
221
225
226
217
219
216
220
226
222
223
223
206
220
235
238
226
197
190
195
197
200
197
203
205
204
202
205
205
202
209
206
201
209
210
212
204
230
204
188
171
166
167
169
169
172
174
180
182
184
180
182
183
181
179
185
190
192
202
211
219
220
205
194
174
160
157
153
149
153
150
153
150
154
157
161
160
161
162
164
162
164
164
176
182
183
172
194
203
209
209
201
183
167
152
144
142
140
141
142
142
145
142
144
145
149
147
148
149
150
151
146
150
154
169
169
172
165
156
186
207
204
193
179
163
148
138
137
138
136
136
138
139
139
138
140
139
139
139
141
139
137
138
141
141
155
162
169
162
150
187
193
200
197
174
153
144
138
135
133
132
132
132
134
135
136
135
136
134
134
135
133
132
134
137
140
153
157
161
159
149
187
196
193
183
171
151
139
134
133
131
130
130
131
131
131
133
133
132
132
132
132
133
135
140
151
156
196
183
168
150
138
133
131
130
130
130
130
131
131
132
131
131
130
132
133
134
138
149
156
157
156
148
176
187
192
191
169
147
137
133
131
130
130
130
130
130
130
132
136
149
153
156
152
145
190
194
196
185
170
148
138
133
132
130
131
135
148
152
157
154
145
188
196
184
168
152
140
134
131
130
130
135
146
153
157
154
145
192
197
195
184
167
151
138
135
131
130
133
147
152
161
157
194
197
198
185
167
148
141
137
130
130
132
146
152
159
156
150
196
199
184
172
148
141
137
132
130
130
132
148
151
157
155
149
185
200
172
152
143
136
134
130
130
135
146
151
157
157
150
196
206
202
173
151
142
137
133
130
130
130
130
130
130
130
130
131
136
146
153
157
155
148
185
195
202
202
174
154
143
138
135
133
130
130
130
130
130
130
130
130
134
137
151
157
162
156
148
193
200
175
158
146
137
136
133
131
131
130
130
130
130
130
130
130
136
140
153
157
156
202
202
186
174
157
144
141
137
135
133
132
131
130
130
131
131
131
130
131
130
130
132
136
142
154
157
162
158
202
207
200
189
172
156
145
143
138
137
134
133
133
132
131
131
132
132
132
132
133
131
132
134
137
142
155
159
164
159
192
205
214
208
188
160
151
148
144
139
138
134
134
135
134
134
133
133
133
134
135
136
138
144
158
162
168
164
154
206
191
175
160
157
155
152
150
147
142
140
137
136
137
135
133
134
134
137
136
138
139
141
145
165
170
202
213
221
220
208
191
179
172
172
166
165
162
159
155
152
149
146
147
144
144
146
147
148
149
149
156
158
174
180
181
171
159
223
222
184
177
174
169
165
162
159
157
152
150
150
148
149
150
150
152
154
160
163
176
180
180
172
204
214
223
212
198
191
185
183
180
174
171
168
167
162
158
152
153
152
153
160
164
177
175
174
166
176
193
206
215
216
199
192
189
177
175
169
166
161
156
149
148
147
147
148
153
153
159
161
169
166
163
149
192
202
206
184
184
169
164
159
157
155
140
137
144
149
155
153
147
135
197
247
243
235
238
236
234
235
242
240
201
218
231
248
254
253
264
253
249
244
245
248
246
246
247
244
261
256
254
220
247
268
261
259
251
254
249
249
249
249
249
264
265
262
235
257
280
276
244
248
246
247
244
243
237
237
248
259
271
235
248
280
266
250
240
240
231
228
232
229
226
222
221
221
217
226
245
256
264
258
235
245
265
276
279
266
256
213
210
206
213
209
212
207
205
198
203
200
200
200
204
210
215
230
260
256
251
237
216
198
183
182
184
181
180
180
180
181
181
177
174
174
175
172
178
177
185
194
212
225
230
221
220
230
240
225
213
195
167
164
161
158
159
157
155
156
157
154
154
156
156
153
157
158
159
165
176
192
226
215
229
230
219
207
185
166
159
152
146
147
145
145
144
143
143
145
144
145
148
147
147
152
150
153
166
182
213
216
209
216
227
224
210
196
170
154
146
143
143
139
139
138
136
135
134
134
133
134
134
136
138
139
142
148
157
178
194
210
211
203
213
208
189
167
150
143
137
136
134
134
134
132
132
132
131
132
132
132
133
133
136
139
145
154
175
191
206
200
218
221
217
187
165
147
139
132
131
130
130
130
131
130
131
131
131
131
130
131
130
133
134
140
150
166
186
199
203
210
215
220
212
199
182
165
140
137
133
131
130
130
130
130
130
130
130
130
131
134
137
149
168
201
207
201
213
193
184
164
140
137
132
130
130
130
130
131
133
137
144
169
184
202
208
201
206
210
211
190
180
162
140
135
132
130
130
130
131
133
146
166
186
201
207
201
212
213
208
191
180
160
142
135
130
130
130
131
133
135
148
171
185
198
205
200
216
211
192
178
157
142
133
130
130
130
130
131
132
136
148
168
185
200
200
196
203
192
177
155
141
132
130
130
130
130
130
131
131
137
152
170
189
202
196
204
216
210
193
179
156
141
133
130
130
131
131
133
132
137
151
170
184
200
203
202
210
215
209
195
176
140
131
130
130
130
130
131
132
132
133
139
152
171
190
204
201
214
206
190
174
154
140
133
130
130
130
130
130
131
131
131
131
132
139
155
171
190
198
203
209
214
219
211
189
173
155
136
133
130
130
130
130
130
131
131
132
132
132
140
153
172
187
197
202
214
220
225
210
188
174
153
136
132
135
133
134
134
133
133
130
131
131
131
133
133
133
133
135
137
146
157
176
187
200
202
220
228
203
184
161
143
145
141
136
136
136
136
136
136
138
135
134
136
137
138
139
139
142
150
165
179
194
203
212
203
217
225
230
208
188
165
154
151
148
145
143
143
145
146
147
145
143
141
145
144
146
147
148
168
187
199
208
213
207
223
232
241
235
217
198
173
163
159
159
155
156
154
156
156
154
154
153
151
152
151
157
155
155
161
162
176
194
206
215
210
244
256
256
245
224
192
180
178
177
173
182
183
175
171
168
174
169
167
166
167
166
166
167
175
182
203
219
225
213
234
271
245
226
211
206
199
200
202
199
195
188
187
187
183
183
182
182
185
185
218
228
230
229
251
266
262
222
219
209
206
205
198
195
188
188
187
229
237
226
211
251
272
228
219
213
214
206
201
197
199
212
239
252
263
258
251
244
244
232
224
200
198
195
189
191
194
209
222
225
223
201
205
222
247
248
240
239
221
212
209
204
200
194
192
184
180
185
188
193
204
208
198
182
