0 2
6123 1419 2019 
591.578 837.754 224.931 
0.357608 0.506421 0.135971 
0.1 2
6123 1419 2019 
591.578 837.754 224.931 
0.357608 0.506421 0.135971 
0.2 2
6123 1419 2019 
591.578 837.754 224.931 
0.357608 0.506421 0.135971 
0.3 2
6123 1419 2019 
591.578 837.754 224.931 
0.357608 0.506421 0.135971 
0.4 2
6123 1419 2019 
591.578 837.754 224.931 
0.357608 0.506421 0.135971 
0.5 2
6123 1419 2019 
591.578 837.754 224.931 
0.357608 0.506421 0.135971 
0.6 2
6123 1419 2019 
591.578 773.229 224.931 
0.372123 0.486388 0.141489 
0.7 2
6123 1419 2019 
591.578 764.571 224.931 
0.37416 0.483575 0.142264 
0.8 2
6123 1419 2019 
591.578 826.293 224.931 
0.360103 0.502978 0.136919 
0.9 2
6123 1419 2019 
591.578 1103.39 224.931 
0.30813 0.574712 0.117158 
0 3
6123 1419 2019 
591.578 837.754 224.931 
0.357608 0.506421 0.135971 
0.1 3
6123 1419 2019 
591.578 837.754 224.931 
0.357608 0.506421 0.135971 
0.2 3
6123 1419 2019 
591.578 837.754 224.931 
0.357608 0.506421 0.135971 
0.3 3
6123 1419 2019 
591.578 837.754 224.931 
0.357608 0.506421 0.135971 
0.4 3
6123 1419 2019 
591.578 726.07 224.931 
0.383499 0.470686 0.145815 
0.5 3
6123 1419 2019 
591.578 638.531 224.931 
0.406571 0.438841 0.154588 
0.6 3
6123 1419 2019 
591.578 600.299 224.931 
0.417543 0.423698 0.158759 
0.7 3
6123 1419 2019 
591.621 596.708 224.931 
0.418621 0.422221 0.159158 
0.8 3
6123 1419 2019 
592.443 662.823 224.931 
0.400246 0.447794 0.15196 
0.9 3
6123 1419 2019 
596.137 959.663 224.931 
0.334771 0.538915 0.126314 
0 4
6123 1419 2019 
591.578 837.754 224.931 
0.357608 0.506421 0.135971 
0.1 4
6123 1419 2019 
591.578 837.754 224.931 
0.357608 0.506421 0.135971 
0.2 4
6123 1419 2019 
591.578 837.754 224.931 
0.357608 0.506421 0.135971 
0.3 4
6123 1419 2019 
591.578 712.59 224.931 
0.38688 0.46602 0.1471 
0.4 4
6123 1419 2019 
591.578 587.524 224.931 
0.421342 0.418455 0.160204 
0.5 4
6123 1419 2019 
591.578 532.13 224.931 
0.438648 0.394568 0.166784 
0.6 4
6123 1419 2019 
590.852 481.876 224.931 
0.455321 0.371343 0.173336 
0.7 4
6123 1419 2019 
590.755 475.129 224.931 
0.45766 0.368085 0.174255 
0.8 4
6123 1419 2019 
592.83 532.409 224.931 
0.439078 0.394327 0.166595 
0.9 4
6123 1419 2019 
604.871 807.722 224.931 
0.369381 0.493258 0.137361 
0 5
6123 1419 2019 
591.578 837.754 224.931 
0.357608 0.506421 0.135971 
0.1 5
6123 1419 2019 
591.578 837.754 224.931 
0.357608 0.506421 0.135971 
0.2 5
6123 1419 2019 
591.578 837.754 224.931 
0.357608 0.506421 0.135971 
0.3 5
6123 1419 2019 
591.578 597.135 224.931 
0.418477 0.422408 0.159114 
0.4 5
6123 1419 2019 
591.578 511.758 224.931 
0.445376 0.385282 0.169342 
0.5 5
6123 1419 2019 
590.301 428.122 224.931 
0.474765 0.344328 0.180907 
0.6 5
6123 1419 2019 
589.744 391.591 224.931 
0.4889 0.324631 0.186469 
0.7 5
6123 1419 2019 
589.384 384.78 224.931 
0.491524 0.320892 0.187584 
0.8 5
6123 1419 2019 
591.953 433.296 224.931 
0.473494 0.346587 0.179919 
0.9 5
6123 1419 2019 
614.221 674.752 224.931 
0.40572 0.445703 0.148577 
0 6
6123 1419 2019 
591.578 837.754 224.931 
0.357608 0.506421 0.135971 
0.1 6
6123 1419 2019 
591.578 837.754 224.931 
0.357608 0.506421 0.135971 
0.2 6
6123 1419 2019 
591.578 702.49 224.931 
0.389452 0.462469 0.148079 
0.3 6
6123 1419 2019 
591.578 528.429 224.931 
0.439855 0.392902 0.167243 
0.4 6
6123 1419 2019 
590.321 421.556 224.931 
0.477294 0.340842 0.181864 
0.5 6
6123 1419 2019 
589.337 358.846 224.931 
0.50237 0.305892 0.191739 
0.6 6
6123 1419 2019 
587.06 319.139 224.931 
0.519003 0.282142 0.198855 
0.7 6
6123 1419 2019 
586.899 314.129 224.931 
0.521243 0.278988 0.199768 
0.8 6
6123 1419 2019 
591.845 358.207 224.931 
0.503705 0.304862 0.191433 
0.9 6
6123 1419 2019 
623.913 561.581 224.931 
0.442358 0.398164 0.159478 
0 7
6123 1419 2019 
591.578 837.754 224.931 
0.357608 0.506421 0.135971 
0.1 7
6123 1419 2019 
591.578 837.754 224.931 
0.357608 0.506421 0.135971 
0.2 7
6123 1419 2019 
591.578 616.066 224.931 
0.412947 0.430041 0.157012 
0.3 7
6123 1419 2019 
591.168 469.823 224.931 
0.459723 0.365359 0.174918 
0.4 7
6123 1419 2019 
589.418 360.317 224.931 
0.501775 0.30674 0.191485 
0.5 7
6123 1419 2019 
586.399 296.847 224.931 
0.529156 0.26787 0.202974 
0.6 7
6123 1419 2019 
583.989 264.175 224.931 
0.54421 0.24618 0.20961 
0.7 7
6123 1419 2019 
583.366 259.135 224.931 
0.546513 0.242765 0.210722 
0.8 7
6123 1419 2019 
590.982 296.828 224.931 
0.531105 0.266754 0.202142 
0.9 7
6123 1419 2019 
632.242 467.462 224.98 
0.477277 0.352886 0.169837 
0 8
6123 1419 2019 
591.578 837.754 224.931 
0.357608 0.506421 0.135971 
0.1 8
6123 1419 2019 
591.578 837.754 224.931 
0.357608 0.506421 0.135971 
0.2 8
6123 1419 2019 
591.578 557.678 224.931 
0.430493 0.405824 0.163683 
0.3 8
6123 1419 2019 
590.17 404.321 224.931 
0.483975 0.331568 0.184457 
0.4 8
6123 1419 2019 
587.581 309.447 224.931 
0.52371 0.27581 0.200481 
0.5 8
6123 1419 2019 
583.984 251.093 224.931 
0.550924 0.236878 0.212198 
0.6 8
6123 1419 2019 
579.973 220.227 224.931 
0.565755 0.214828 0.219417 
0.7 8
6123 1419 2019 
579.351 216.038 224.931 
0.567813 0.211735 0.220452 
0.8 8
6123 1419 2019 
588.662 247.771 224.948 
0.554619 0.233442 0.211939 
0.9 8
6123 1419 2019 
638.699 390.996 226.091 
0.508605 0.311356 0.18004 
0 9
6123 1419 2019 
591.578 837.754 224.931 
0.357608 0.506421 0.135971 
0.1 9
6123 1419 2019 
591.578 837.754 224.931 
0.357608 0.506421 0.135971 
0.2 9
6123 1419 2019 
591.578 516.449 224.931 
0.443808 0.387446 0.168746 
0.3 9
6123 1419 2019 
589.431 356.843 224.931 
0.503268 0.30468 0.192051 
0.4 9
6123 1419 2019 
585.081 264.855 224.931 
0.544329 0.246407 0.209264 
0.5 9
6123 1419 2019 
579.806 211.873 224.931 
0.570332 0.208412 0.221256 
0.6 9
6123 1419 2019 
575.251 185.573 224.931 
0.583564 0.188255 0.228182 
0.7 9
6123 1419 2019 
574.507 181.901 224.932 
0.585431 0.18536 0.229209 
0.8 9
6123 1419 2019 
585.288 208.768 225.245 
0.574205 0.204815 0.220979 
0.9 9
6123 1419 2019 
645.27 329.71 228.86 
0.53601 0.273882 0.190108 
0 10
6123 1419 2019 
591.578 837.754 224.931 
0.357608 0.506421 0.135971 
0.1 10
6123 1419 2019 
591.578 837.754 224.931 
0.357608 0.506421 0.135971 
0.2 10
6123 1419 2019 
591.578 486.286 224.931 
0.454083 0.373264 0.172653 
0.3 10
6123 1419 2019 
588.871 321.428 224.931 
0.518724 0.283139 0.198137 
0.4 10
6123 1419 2019 
583.099 230.849 224.931 
0.561277 0.22221 0.216513 
0.5 10
6123 1419 2019 
576.251 181.276 224.931 
0.58654 0.184513 0.228947 
0.6 10
6123 1419 2019 
570.221 157.934 224.931 
0.598289 0.165708 0.236003 
0.7 10
6123 1419 2019 
568.984 154.735 224.928 
0.599785 0.163111 0.237104 
0.8 10
6123 1419 2019 
581.194 177.652 225.8 
0.590257 0.180422 0.229321 
0.9 10
6123 1419 2019 
655.308 280.606 229.862 
0.562122 0.240703 0.197175 
0 11
6123 1419 2019 
591.578 837.754 224.931 
0.357608 0.506421 0.135971 
0.1 11
6123 1419 2019 
591.578 756.968 224.931 
0.375969 0.48108 0.142952 
0.2 11
6123 1419 2019 
590.726 432.993 224.931 
0.473092 0.346769 0.180139 
0.3 11
6123 1419 2019 
586.46 281.17 224.931 
0.536775 0.257349 0.205875 
0.4 11
6123 1419 2019 
579.231 199.396 224.931 
0.577178 0.198689 0.224134 
0.5 11
6123 1419 2019 
571.014 155.86 224.931 
0.599928 0.163752 0.236321 
0.6 11
6123 1419 2019 
564.4 135.68 224.921 
0.610161 0.146681 0.243158 
0.7 11
6123 1419 2019 
563.321 132.936 224.928 
0.611518 0.14431 0.244172 
0.8 11
6123 1419 2019 
578.913 152.633 225.832 
0.604686 0.159428 0.235886 
0.9 11
6123 1419 2019 
665.766 241.183 337.866 
0.534831 0.19375 0.271419 
0 12
6123 1419 2019 
591.578 837.754 224.931 
0.357608 0.506421 0.135971 
0.1 12
6123 1419 2019 
591.578 694.622 224.931 
0.39148 0.45967 0.14885 
0.2 12
6123 1419 2019 
590.056 391.403 224.931 
0.489109 0.324441 0.18645 
0.3 12
6123 1419 2019 
584.515 249.344 224.931 
0.552059 0.235499 0.212442 
0.4 12
6123 1419 2019 
576.014 174.234 224.931 
0.590675 0.178669 0.230656 
0.5 12
6123 1419 2019 
566.444 135.366 224.931 
0.611221 0.146067 0.242712 
0.6 12
6123 1419 2019 
558.588 117.65 224.821 
0.619924 0.130569 0.249507 
0.7 12
6123 1419 2019 
557.376 115.258 224.705 
0.621143 0.128445 0.250413 
0.8 12
6123 1419 2019 
575.567 132.357 246.761 
0.602886 0.138639 0.258474 
0.9 12
6123 1419 2019 
708.493 209.153 388.814 
0.5423 0.160091 0.297609 
0 13
6123 1419 2019 
591.578 837.754 224.931 
0.357608 0.506421 0.135971 
0.1 13
6123 1419 2019 
591.578 645.524 224.931 
0.404627 0.441525 0.153848 
0.2 13
6123 1419 2019 
589.52 358.326 224.931 
0.50267 0.305536 0.191794 
0.3 13
6123 1419 2019 
582.929 223.791 224.931 
0.565045 0.216925 0.21803 
0.4 13
6123 1419 2019 
572.139 153.182 224.931 
0.602092 0.161201 0.236707 
0.5 13
6123 1419 2019 
560.767 118.396 224.917 
0.620262 0.130958 0.24878 
0.6 13
6123 1419 2019 
552.395 102.874 224.493 
0.627891 0.116934 0.255175 
0.7 13
6123 1419 2019 
550.837 100.78 225.062 
0.628322 0.114957 0.256721 
0.8 13
6123 1419 2019 
576.59 115.74 258.071 
0.606681 0.12178 0.271539 
0.9 13
6123 1419 2019 
762.67 182.897 407.109 
0.563823 0.135212 0.300965 
0 14
6123 1419 2019 
591.578 837.754 224.931 
0.357608 0.506421 0.135971 
0.1 14
6123 1419 2019 
591.578 606.167 224.931 
0.415821 0.426075 0.158104 
0.2 14
6123 1419 2019 
589.084 331.614 224.931 
0.514202 0.28946 0.196339 
0.3 14
6123 1419 2019 
580.246 199.946 224.931 
0.577288 0.198927 0.223785 
0.4 14
6123 1419 2019 
567.724 135.251 224.931 
0.611833 0.14576 0.242407 
0.5 14
6123 1419 2019 
555.739 104.379 224.904 
0.627938 0.117939 0.254123 
0.6 14
6123 1419 2019 
545.695 90.6493 224.125 
0.634183 0.105349 0.260468 
0.7 14
6123 1419 2019 
543.927 88.8049 224.876 
0.634238 0.10355 0.262213 
0.8 14
6123 1419 2019 
579.737 101.986 258.061 
0.616883 0.108521 0.274596 
0.9 14
6123 1419 2019 
813.224 161.164 407.326 
0.588561 0.116641 0.294798 
0 15
6123 1419 2019 
591.578 837.754 224.931 
0.357608 0.506421 0.135971 
0.1 15
6123 1419 2019 
591.578 574.136 224.931 
0.425398 0.412856 0.161746 
0.2 15
6123 1419 2019 
588.726 309.736 224.931 
0.52406 0.275715 0.200225 
0.3 15
6123 1419 2019 
577.346 178.808 224.931 
0.588477 0.182255 0.229268 
0.4 15
6123 1419 2019 
563.921 120.322 224.931 
0.620256 0.132342 0.247401 
0.5 15
6123 1419 2019 
549.697 92.6264 224.488 
0.63416 0.106859 0.258981 
0.6 15
6123 1419 2019 
538.788 80.4401 223.751 
0.639148 0.0954236 0.265429 
0.7 15
6123 1419 2019 
537.299 78.799 219.281 
0.64318 0.0943273 0.262492 
0.8 15
6123 1419 2019 
581.94 90.496 251.653 
0.629745 0.0979299 0.272325 
0.9 15
6123 1419 2019 
854.017 143.005 397.545 
0.612389 0.102544 0.285067 
0 16
6123 1419 2019 
591.578 837.754 224.931 
0.357608 0.506421 0.135971 
0.1 16
6123 1419 2019 
591.578 547.728 224.931 
0.433633 0.401491 0.164877 
0.2 16
6123 1419 2019 
586.925 281.577 224.931 
0.536773 0.257516 0.205711 
0.3 16
6123 1419 2019 
574.885 161.094 224.931 
0.598271 0.167648 0.234081 
0.4 16
6123 1419 2019 
558.871 107.504 224.917 
0.627034 0.120616 0.252349 
0.5 16
6123 1419 2019 
544.264 82.7242 224.089 
0.6395 0.0971993 0.263301 
0.6 16
6123 1419 2019 
531.205 71.8294 215.076 
0.649307 0.0877992 0.262893 
0.7 16
6123 1419 2019 
529.139 70.3639 210.756 
0.653049 0.0868412 0.26011 
0.8 16
6123 1419 2019 
583.17 80.8086 241.945 
0.64373 0.0892003 0.26707 
0.9 16
6123 1419 2019 
881.045 127.698 382.304 
0.633368 0.0917998 0.274832 
0 17
6123 1419 2019 
591.578 837.754 224.931 
0.357608 0.506421 0.135971 
0.1 17
6123 1419 2019 
591.578 525.7 224.931 
0.440749 0.391668 0.167583 
0.2 17
6123 1419 2019 
585.397 257.865 224.931 
0.548025 0.241403 0.210572 
0.3 17
6123 1419 2019 
572.067 145.72 224.931 
0.606827 0.154574 0.238598 
0.4 17
6123 1419 2019 
554.436 96.6226 224.904 
0.632944 0.110304 0.256751 
0.5 17
6123 1419 2019 
537.349 74.3053 223.702 
0.643257 0.0889505 0.267792 
0.6 17
6123 1419 2019 
522.788 64.5119 204.969 
0.659862 0.0814268 0.258711 
0.7 17
6123 1419 2019 
519.161 63.195 200.812 
0.662898 0.0806916 0.25641 
0.8 17
6123 1419 2019 
580.067 72.576 230.58 
0.656762 0.0821717 0.261067 
0.9 17
6123 1419 2019 
892.901 114.687 364.385 
0.650815 0.0835929 0.265592 
0 18
6123 1419 2019 
591.578 837.754 224.931 
0.357608 0.506421 0.135971 
0.1 18
6123 1419 2019 
591.578 507.134 224.931 
0.446931 0.383135 0.169933 
0.2 18
6123 1419 2019 
584.092 237.71 224.931 
0.558014 0.227097 0.214889 
0.3 18
6123 1419 2019 
568.304 131.859 224.931 
0.61432 0.142536 0.243144 
0.4 18
6123 1419 2019 
549.685 87.2801 224.68 
0.637948 0.101295 0.260757 
0.5 18
6123 1419 2019 
531.019 67.0962 223.343 
0.646434 0.0816793 0.271886 
0.6 18
6123 1419 2019 
512.006 58.2438 194.268 
0.669711 0.0761836 0.254106 
0.7 18
6123 1419 2019 
507.47 57.0545 190.335 
0.672271 0.0755829 0.252146 
0.8 18
6123 1419 2019 
572.371 65.5233 218.578 
0.668289 0.0765037 0.255208 
0.9 18
6123 1419 2019 
891.306 103.544 345.415 
0.665022 0.0772563 0.257721 
0 19
6123 1419 2019 
591.578 837.754 224.931 
0.357608 0.506421 0.135971 
0.1 19
6123 1419 2019 
591.578 491.343 224.931 
0.452328 0.375687 0.171985 
0.2 19
6123 1419 2019 
582.967 220.446 224.931 
0.566899 0.21437 0.218731 
0.3 19
6123 1419 2019 
565.012 119.924 224.931 
0.620983 0.131804 0.247213 
0.4 19
6123 1419 2019 
544.656 79.1943 224.271 
0.642191 0.0933761 0.264433 
0.5 19
6123 1419 2019 
523.719 60.8678 211.139 
0.658165 0.0764935 0.265342 
0.6 19
6123 1419 2019 
499.257 52.8361 183.566 
0.678653 0.0718214 0.249526 
0.7 19
6123 1419 2019 
493.833 51.7584 179.849 
0.680736 0.0713476 0.247917 
0.8 19
6123 1419 2019 
560.655 59.441 206.538 
0.678238 0.0719072 0.249855 
0.9 19
6123 1419 2019 
879.05 93.931 326.381 
0.676524 0.0722901 0.251186 
0 20
6123 1419 2019 
591.578 837.754 224.931 
0.357608 0.506421 0.135971 
0.1 20
6123 1419 2019 
591.578 477.795 224.931 
0.457062 0.369152 0.173785 
0.2 20
6123 1419 2019 
581.992 205.542 224.931 
0.574827 0.203011 0.222162 
0.3 20
6123 1419 2019 
562.123 109.574 224.931 
0.62693 0.122207 0.250863 
0.4 20
6123 1419 2019 
540.161 72.1766 223.899 
0.645943 0.0863112 0.267746 
0.5 20
6123 1419 2019 
517.002 55.4588 199.3 
0.6699 0.0718601 0.25824 
0.6 20
6123 1419 2019 
485.272 48.1418 173.165 
0.686791 0.0681336 0.245075 
0.7 20
6123 1419 2019 
478.589 47.1589 169.64 
0.688233 0.0678167 0.24395 
0.8 20
6123 1419 2019 
545.8 54.1592 194.822 
0.68673 0.0681435 0.245127 
0.9 20
6123 1419 2019 
859.101 85.585 307.86 
0.685884 0.0683289 0.245787 
0 21
6123 1419 2019 
591.578 837.754 224.931 
0.357608 0.506421 0.135971 
0.1 21
6123 1419 2019 
591.093 448.679 224.931 
0.467377 0.35477 0.177853 
0.2 21
6123 1419 2019 
579.62 189.244 224.931 
0.583239 0.190425 0.226336 
0.3 21
6123 1419 2019 
558.011 100.312 224.919 
0.631776 0.113573 0.254651 
0.4 21
6123 1419 2019 
534.007 66.0405 223.545 
0.648388 0.0801859 0.271426 
0.5 21
6123 1419 2019 
505.514 50.7348 187.858 
0.679357 0.0681822 0.252461 
0.6 21
6123 1419 2019 
469.257 44.0407 163.209 
0.693647 0.0651002 0.241253 
0.7 21
6123 1419 2019 
462.366 43.1417 159.882 
0.69488 0.0648366 0.240284 
0.8 21
6123 1419 2019 
528.791 49.5459 183.62 
0.69399 0.0650245 0.240985 
0.9 21
6123 1419 2019 
833.963 78.2947 290.159 
0.693572 0.0651145 0.241313 
0 22
6123 1419 2019 
591.578 837.754 224.931 
0.357608 0.506421 0.135971 
0.1 22
6123 1419 2019 
590.669 423.285 224.931 
0.476775 0.341666 0.181559 
0.2 22
6123 1419 2019 
577.532 174.96 224.931 
0.590872 0.179001 0.230127 
0.3 22
6123 1419 2019 
554.348 92.1801 224.908 
0.636132 0.10578 0.258089 
0.4 22
6123 1419 2019 
528.429 60.6509 223.222 
0.650533 0.0746655 0.274802 
0.5 22
6123 1419 2019 
494.66 46.5851 177.058 
0.68865 0.0648544 0.246495 
0.6 22
6123 1419 2019 
452.779 40.4386 153.806 
0.699787 0.0624995 0.237713 
0.7 22
6123 1419 2019 
445.261 39.6132 150.662 
0.700607 0.0623303 0.237063 
0.8 22
6123 1419 2019 
510.148 45.493 173.029 
0.700108 0.0624329 0.237459 
0.9 22
6123 1419 2019 
805.499 71.8914 273.42 
0.699941 0.0624702 0.237589 
0 24
6123 1419 2019 
591.578 837.754 224.931 
0.357608 0.506421 0.135971 
0.1 24
6123 1419 2019 
589.968 381.346 224.931 
0.493183 0.318786 0.188031 
0.2 24
6123 1419 2019 
574.036 151.238 224.931 
0.604118 0.159164 0.236718 
0.3 24
6123 1419 2019 
547.14 78.6014 224.64 
0.643406 0.0924308 0.264164 
0.4 24
6123 1419 2019 
516.411 51.6539 204.516 
0.668423 0.0668588 0.264718 
0.5 24
6123 1419 2019 
465.955 39.6706 157.467 
0.702699 0.0598265 0.237474 
0.6 24
6123 1419 2019 
418.039 34.4364 136.716 
0.709513 0.0584469 0.23204 
0.7 24
6123 1419 2019 
410.295 33.7337 133.923 
0.709913 0.0583677 0.23172 
0.8 24
6123 1419 2019 
470.88 38.741 153.805 
0.70977 0.0583954 0.231835 
0.9 24
6123 1419 2019 
744.029 61.221 243.045 
0.709751 0.0584005 0.231848 
0 26
6123 1419 2019 
591.578 837.754 224.931 
0.357608 0.506421 0.135971 
0.1 26
6123 1419 2019 
589.416 348.401 224.931 
0.506916 0.299636 0.193448 
0.2 26
6123 1419 2019 
569.715 131.619 224.931 
0.615067 0.142097 0.242837 
0.3 26
6123 1419 2019 
539.474 67.7616 223.963 
0.649031 0.0815228 0.269446 
0.4 26
6123 1419 2019 
500.104 44.507 182.55 
0.687749 0.0612065 0.251045 
0.5 26
6123 1419 2019 
433.92 34.1817 140.412 
0.713082 0.0561725 0.230746 
0.6 26
6123 1419 2019 
383.596 29.6715 121.887 
0.716795 0.0554447 0.227761 
0.7 26
6123 1419 2019 
376.105 29.0658 119.398 
0.716979 0.055409 0.227612 
0.8 26
6123 1419 2019 
431.875 33.3803 137.12 
0.716953 0.0554144 0.227632 
0.9 26
6123 1419 2019 
682.491 52.7489 216.68 
0.716962 0.0554131 0.227625 
0 28
6123 1419 2019 
591.578 837.754 224.931 
0.357608 0.506421 0.135971 
0.1 28
6123 1419 2019 
588.973 322.046 224.931 
0.518485 0.283504 0.198012 
0.2 28
6123 1419 2019 
564.813 115.055 224.931 
0.624241 0.127161 0.248598 
0.3 28
6123 1419 2019 
530.67 59.0096 223.379 
0.652684 0.0725773 0.274739 
0.4 28
6123 1419 2019 
478.571 38.7412 163.467 
0.702975 0.0569072 0.240118 
0.5 28
6123 1419 2019 
400.559 29.7532 125.658 
0.720468 0.0535158 0.226016 
0.6 28
6123 1419 2019 
351.058 25.8276 109.078 
0.722396 0.0531471 0.224457 
0.7 28
6123 1419 2019 
344.019 25.3005 106.855 
0.722465 0.0531329 0.224402 
0.8 28
6123 1419 2019 
395.072 29.0561 122.716 
0.722458 0.0531342 0.224408 
0.9 28
6123 1419 2019 
624.317 45.9156 193.923 
0.722459 0.0531336 0.224407 
0 30
6123 1419 2019 
591.578 837.754 224.931 
0.357608 0.506421 0.135971 
0.1 30
6123 1419 2019 
588.613 300.641 224.931 
0.52829 0.269831 0.20188 
0.2 30
6123 1419 2019 
560.771 101.515 224.931 
0.632056 0.114419 0.253524 
0.3 30
6123 1419 2019 
522.137 51.8451 222.878 
0.655243 0.0650617 0.279695 
0.4 30
6123 1419 2019 
453.048 34.0235 147.002 
0.714504 0.0536586 0.231837 
0.5 30
6123 1419 2019 
368.141 26.1301 112.929 
0.725829 0.0515183 0.222652 
0.6 30
6123 1419 2019 
321.107 22.6823 98.0311 
0.726782 0.0513383 0.22188 
0.7 30
6123 1419 2019 
314.581 22.2196 96.0309 
0.726798 0.0513354 0.221867 
0.8 30
6123 1419 2019 
361.279 25.5174 110.283 
0.726803 0.0513346 0.221862 
0.9 30
6123 1419 2019 
570.899 40.324 174.276 
0.726798 0.0513355 0.221866 
