0.01
2.0 0.0
1.03172504957 0.178072958641
1.0162406015 0.128756934283
0.02
2.24120234604 0.509185730963
1.03089939305 0.176204910001
1.12572463768 0.369769586856
0.03
2.92827542238 1.18308959029
1.02669845054 0.165577526891
1.36114849708 0.629852347217
0.04
6.71217712177 1.62631954681
5.05730065585 0.507618211092
1.75811870101 0.955770849357
0.05
11.3078556263 2.72995768771
8.9965329371 0.427494706286
2.30655391121 1.31443148391
0.06
13.9604916594 3.59391196492
9.00744878957 0.149301320319
2.93010752688 1.70245142329
0.07
25.036411102 6.41775659874
20.9602601156 0.353363592202
3.74749721913 2.17368268285
0.08
29.5539728176 7.25481534505
21.004145937 0.14391836615
4.69274537696 2.77040676243
0.09
36.669963691 9.16591652963
24.9934148636 0.0917782105382
5.45988258317 3.19825282322
0.1
50.158629904 12.466180799
36.987206823 0.159444938984
6.60256410256 3.76059100507
0.2
214.310735672 49.4780595738
129.0 0.0
11.8571428571 6.8332918532
