2
6
3
6
7
8
4
5
5
5
8
5
8
10
3
16
9
9
9
7
10
10
13
6
6
2
10
9
7
11
7
16
10
7
9
6
4
8
8
6
5
1
5
10
6
4
14
6
3
3
7
8
4
3
8
3
17
7
8
3
14
3
2
4
3
2
4
1
1
6
9
8
13
10
1
4
8
11
4
9
3
13
3
12
9
9
11
9
16
5
4
10
14
5
4
10
8
9
3
10
8
3
12
6
6
5
10
10
5
7
6
5
8
12
8
13
9
13
11
11
9
10
8
7
8
9
8
6
5
3
6
4
3
2
6
6
14
7
6
8
2
4
7
8
12
13
21
5
7
5
14
6
7
8
11
10
5
12
5
13
13
13
13
12
4
4
4
8
6
8
11
6
8
8
10
8
6
5
1
7
1
3
8
1
6
4
5
2
4
1
6
2
11
11
5
2
10
8
5
14
11
5
7
10
7
12
4
11
5
11
14
3
5
17
12
5
6
9
1
11
7
5
8
2
12
6
9
4
8
2
6
2
1
2
4
2
2
5
1
2
4
7
4
1
2
2
1
10
11
9
8
8
14
9
5
10
13
6
15
10
10
9
12
6
9
8
3
4
1
2
2
4
6
13
5
7
5
5
6
7
5
8
10
3
5
8
2
3
7
10
5
7
1
7
2
3
6
5
13
1
3
8
5
5
3
7
3
5
11
6
10
14
2
14
6
4
4
11
8
7
8
8
9
13
10
4
11
5
12
1
3
4
9
7
9
15
2
2
2
4
2
6
8
4
1
1
7
8
5
4
2
7
1
7
3
9
1
3
2
2
10
1
2
1
4
5
3
7
3
2
7
1
7
5
3
3
5
6
6
3
12
1
5
3
2
11
6
1
1
1
